1152	2	1	0.448909	0.985966	1.73049	4	0.45784	2.10207	4	1.01177	1.32716
1152	2	1	0.465637	1.0768	1.69881	4	0.464442	2.01985	4	1.11103	1.32044
1152	2	1	0.455534	1.15979	1.72188	4	0.457907	2.17182	4	1.19821	1.32691
1152	2	1	0.455928	1.13861	1.72253	4	0.462035	1.7249	4	1.16703	1.32093
1152	2	1	0.450287	1.02236	1.69493	4	0.503589	2.0351	4	1.04398	1.31625
1152
1152	2	1	0.683399	1.20173	1.74589	4	0.751744	2.10677	4	1.2677	1.33816
1152	2	1	0.457564	1.18748	1.7254	4	0.524357	2.0989	4	1.21895	1.36448
1152	2	1	0.475195	1.15077	1.69129	4	0.467925	2.13924	4	1.17811	1.32365
1152	2	1	0.46463	1.12066	1.69489	4	0.470522	1.9936	4	1.14895	1.3226
1152	2	1	0.4473	1.04952	1.70456	4	0.496821	2.07663	4	1.07544	1.32735
1152
