1152	2	2	1.21494	1.84716	2.65845	1	1.19113	2.4693	1	1.39331	2.45992	1	1.62838	2.45444	1	1.87166	2.46026
1152	2	2	1.2264	1.86305	2.64641	1	1.20093	2.48204	1	1.45584	2.45743	1	1.66187	2.45566	1	1.88597	2.45645
1152	2	2	1.21093	1.85962	2.64316	1	1.17653	2.62551	1	1.41624	2.44111	1	1.6601	2.45305	1	1.88026	2.44996
1152	2	2	1.20474	1.88673	2.65852	1	1.17252	2.46236	1	1.41964	2.45833	1	1.66947	2.45618	1	1.91836	2.45493
1152	2	2	1.22868	1.90712	2.66445	1	1.20522	2.47889	1	1.46635	2.46494	1	1.72654	2.45367	1	1.92459	2.46124
1152
1152	2	2	1.20775	1.70612	2.85546	1	1.22764	3.9306	1	1.43604	2.45141	1	1.60639	2.4582	1	1.75221	2.46208
1152	2	2	1.18188	1.67782	2.87945	1	1.15829	3.95864	1	1.4324	2.44941	1	1.62348	2.43264	1	1.709	2.45174
1152	2	2	1.16834	1.61881	2.89818	1	1.14791	3.88433	1	1.41805	2.44948	1	1.56291	2.44698	1	1.65116	2.45563
1152	2	2	1.18009	1.7573	2.8816	1	1.17587	4.00694	1	1.40478	2.46077	1	1.6228	2.45491	1	1.78388	2.45294
1152	2	2	1.17851	1.71314	2.91061	1	1.17496	3.98508	1	1.42917	2.45359	1	1.61232	2.44594	1	1.73646	2.44652
1152
