3600	3	4	3.54465	29.5579	29.168	1	3.72723	26.9873	1	6.8902	31.4644	1	9.8762	31.5924	1	13.044	31.6313	1	13.1637	44.7211	1	15.648	26.1188	1	18.3938	26.0199	1	21.079	26.0412	1	21.2488	26.5927	1	24.0531	25.9158	1	26.895	25.8697	1	29.6444	25.8742
3600	3	4	3.61823	28.792	29.0804	1	3.78453	27.6823	1	6.83551	31.3871	1	9.84125	31.7094	1	12.9253	31.7361	1	12.9996	44.0525	1	15.4754	26.7922	1	18.1416	26.1089	1	20.6507	26.2187	1	20.8552	26.3346	1	23.357	26.1868	1	26.1837	26.0262	1	28.8775	26.2479
3600	3	4	3.55396	28.5313	47.7297	1	3.72797	26.817	1	6.79228	31.2808	1	9.68131	31.2716	1	12.8074	31.5861	1	13.0333	43.8904	1	15.37	26.187	1	18.0624	25.9654	1	20.7185	25.9949	1	20.9681	26.2741	1	23.4803	25.9721	1	25.9598	49.6457	1	28.6246	26.0457
3600	3	4	3.57936	29.4855	29.19	1	3.74889	27.0506	1	6.72743	31.6327	1	9.68863	31.6305	1	12.8865	31.5092	1	12.9776	44.8597	1	15.6088	26.0735	1	18.3396	25.9828	1	20.9882	25.9894	1	21.1501	26.5149	1	23.9775	25.9528	1	26.9091	25.8909	1	29.5702	25.9009
3600	3	4	3.62619	28.7949	29.195	1	3.79562	26.9568	1	6.93675	31.1556	1	9.75099	31.837	1	12.8034	31.5511	1	13.1525	43.9429	1	15.2182	26.0058	1	17.9457	26.1246	1	20.5732	25.9883	1	20.7448	26.3936	1	23.3053	25.9455	1	26.1914	25.9554	1	28.877	25.8896
3600
3600	3	4	3.53577	29.9228	27.7107	1	3.65091	52.8522	1	6.80817	31.556	1	9.37474	26.0916	1	11.7762	26.108	1	11.9227	26.9926	1	14.4878	26.0697	1	17.3659	26.1405	1	20.6677	28.9314	1	20.8691	26.542	1	23.5499	25.945	1	26.9859	25.8277	1	30.1628	25.8759
3600	3	4	3.523	28.2092	28.0943	1	3.64948	51.3255	1	6.73202	30.9168	1	9.22544	26.262	1	11.6484	26.081	1	11.8079	26.6813	1	14.2592	25.9561	1	17.1173	26.1373	1	20.3817	28.7275	1	20.5193	26.6426	1	22.642	25.9085	1	25.5787	25.8475	1	28.3072	25.9257
3600	3	4	3.55583	28.9142	28.2038	1	3.73044	52.1205	1	6.86325	31.369	1	9.44602	26.2095	1	11.6998	26.1372	1	11.8143	26.8879	1	14.3021	26.0986	1	16.9943	26.0729	1	20.2358	28.9581	1	20.4204	26.3732	1	23.0591	25.9026	1	26.1817	25.8534	1	28.9962	26.0002
3600	3	4	3.5312	28.8444	27.5978	1	3.79137	51.3497	1	6.86938	30.9868	1	9.44819	26.1715	1	11.8712	26.0235	1	12.037	27.1569	1	14.6554	26.1343	1	17.2733	26.1129	1	20.4213	28.7757	1	20.6895	26.3002	1	23.0427	25.9711	1	26.1506	25.8314	1	28.9213	25.8665
3600	3	4	3.58442	28.961	28.0675	1	3.70847	52.11	1	6.78305	31.5598	1	9.37409	26.1842	1	11.5815	26.7242	1	11.711	26.9851	1	14.2802	26.1145	1	16.8333	26.0535	1	19.9941	28.8265	1	20.141	26.634	1	22.9502	25.9177	1	26.2924	25.8454	1	29.0503	25.891
3600
