2304	2	2	1.19987	7.22193	39.2187	1	1.28152	44.3597	1	3.26663	20.352	1	5.24179	20.3264	1	7.3395	20.3341
2304	2	2	1.20852	7.13894	20.9901	1	1.27487	20.403	1	3.26951	20.3178	1	5.1994	20.2875	1	7.18603	20.321
2304	2	2	1.1973	7.44839	20.9864	1	1.28973	20.8348	1	3.43936	20.3218	1	5.44144	20.2823	1	7.49992	20.3249
2304	2	2	1.22689	7.35641	21.0007	1	1.34228	20.4766	1	3.36519	20.319	1	5.37949	20.3022	1	7.40198	20.3285
2304	2	2	1.1845	7.31325	20.9946	1	1.27617	20.5033	1	3.39254	20.328	1	5.329	20.3114	1	7.36166	20.316
2304
2304	2	2	1.21459	6.69904	21.7265	1	1.30143	26.3676	1	3.36629	20.3293	1	5.15008	20.2878	1	6.78148	20.3157
2304	2	2	1.17951	6.71444	21.8238	1	1.28704	26.3532	1	3.37756	20.3233	1	5.20438	20.2859	1	6.77604	20.32
2304	2	2	1.18565	6.68891	21.8071	1	1.31309	26.304	1	3.40275	20.3514	1	5.11133	20.2915	1	6.74173	20.316
2304	2	2	1.16013	6.78792	21.839	1	1.27675	26.4836	1	3.37548	20.3249	1	5.17301	20.2864	1	6.83989	20.3209
2304	2	2	1.2063	6.50419	21.8034	1	1.33456	26.1336	1	3.41431	20.3263	1	5.17971	20.2869	1	6.5614	20.3162
2304
