3600	2	1	0.456574	9.63098	158.732	1	1.10063	155.217	1	10.1539	155.103
3600	2	1	0.472026	9.24208	356.324	1	0.957302	155.591	1	9.40286	353.112
3600	2	1	0.460135	8.90259	158.132	1	0.840663	154.996	1	9.048	154.913
3600	2	1	0.4543	8.94748	158.378	1	0.849257	155.181	1	9.08769	155.077
3600	2	1	0.452929	9.19406	159.225	1	0.849029	155.183	1	9.33573	155.907
3600
3600	2	1	0.475896	9.59189	158.156	1	1.28714	162.731	1	9.76761	154.879
3600	2	1	0.452983	9.44292	158.245	1	0.940602	162.796	1	9.57241	154.934
3600	2	1	0.452884	9.5173	158.145	1	0.991519	162.974	1	9.64679	154.962
3600	2	1	0.465855	9.50813	158.122	1	1.08223	163.016	1	9.63945	154.895
3600	2	1	0.491729	9.56149	158.108	1	0.98624	163.276	1	9.69288	154.883
3600
