1440	2	2	1.20672	2.90318	5.20697	1	1.20521	5.19992	1	1.82311	4.90949	1	2.33946	4.90944	1	2.93012	4.92216
1440	2	2	1.18015	2.91082	5.19751	1	1.17709	5.00558	1	1.78551	4.91548	1	2.32651	4.9037	1	2.93566	4.91204
1440	2	2	1.22335	2.94348	5.21084	1	1.22801	4.96821	1	1.7502	4.92046	1	2.35157	4.90458	1	2.97698	4.92095
1440	2	2	1.18568	2.92331	5.19747	1	1.17917	4.96847	1	1.77737	4.91303	1	2.35159	4.90597	1	2.95094	4.91743
1440	2	2	1.18551	2.83203	5.20461	1	1.17729	4.98552	1	1.7053	4.91656	1	2.25047	4.9049	1	2.85712	4.92159
1440
1440	2	2	1.15176	2.5971	5.54394	1	1.25364	7.12902	1	1.77268	4.91461	1	2.20045	4.90858	1	2.62841	4.92808
1440	2	2	1.20705	2.64077	5.5986	1	1.21196	7.30835	1	1.80082	4.91392	1	2.28476	4.90802	1	2.67863	4.91528
1440	2	2	1.20023	2.65655	5.5888	1	1.20599	7.3412	1	1.77467	4.91852	1	2.22867	4.90894	1	2.69561	4.92433
1440	2	2	1.18717	2.62579	5.53295	1	1.24315	7.19092	1	1.75785	4.91708	1	2.2272	4.91009	1	2.65819	4.92943
1440	2	2	1.15673	2.56219	5.56003	1	1.15958	7.21289	1	1.79515	4.92115	1	2.23137	4.89885	1	2.59939	4.92446
1440
