2304	4	4	4.69135	13.4989	6.34469	1	4.71144	5.29862	1	5.62385	7.0385	1	6.48885	6.9311	1	7.36879	6.97195	1	7.37245	14.3553	1	8.0545	5.17468	1	8.71532	5.1525	1	9.34996	5.15789	1	9.34266	5.37062	1	9.96977	5.10095	1	10.5874	5.12944	1	11.2036	5.11308	1	11.2148	5.30199	1	12.1118	5.11307	1	12.8394	5.09019	1	13.5319	5.12115
2304	4	4	4.70094	13.821	5.77429	1	4.71955	11.7086	1	5.55614	6.98953	1	6.40067	7.02826	1	7.21057	6.91552	1	7.21215	14.2531	1	7.86762	5.13005	1	8.49743	5.1553	1	9.12913	5.11768	1	9.15112	5.67631	1	10.0056	5.10217	1	10.7621	5.12362	1	11.3861	5.09872	1	11.4343	5.5273	1	12.4885	5.09798	1	13.2889	5.08918	1	13.8543	5.10699
2304	4	4	4.79064	13.3238	6.52396	1	4.81234	5.37378	1	5.6791	7.02471	1	6.54235	6.9793	1	7.40956	6.9321	1	7.87387	13.9261	1	8.03196	5.1486	1	8.75563	5.13309	1	9.339	5.19932	1	9.34293	5.6583	1	9.99442	5.10865	1	10.6025	5.16515	1	11.1987	5.15639	1	11.1914	5.3397	1	11.8229	5.10779	1	12.6342	5.09606	1	13.3567	5.07757
2304	4	4	4.74426	13.3121	6.37774	1	4.74888	5.39101	1	5.63662	6.98213	1	6.45501	6.97484	1	7.27864	7.0089	1	7.28201	14.3251	1	7.88923	5.1247	1	8.56405	5.12688	1	9.10691	5.35506	1	9.10048	5.4081	1	9.71097	5.11803	1	10.4044	5.13594	1	11.1603	5.12163	1	11.161	5.30934	1	11.8834	5.10138	1	12.7415	5.09451	1	13.3579	5.0788
2304	4	4	4.69192	13.0642	11.5927	1	4.7081	5.21918	1	5.53671	7.09627	1	6.34938	6.95828	1	7.21539	6.82606	1	7.20487	14.1508	1	7.85842	5.20029	1	8.53866	5.1393	1	9.12977	5.15787	1	9.11909	5.48939	1	9.88183	5.13012	1	10.5476	5.12026	1	11.0583	5.09998	1	11.055	5.27786	1	11.797	5.09908	1	12.5793	5.09449	1	13.0994	11.3884
2304
2304	4	4	4.7642	13.9628	8.62557	1	4.86364	17.5509	1	5.60529	7.0714	1	6.26233	5.10567	1	6.90053	5.1046	1	6.90602	5.30227	1	7.72937	5.18632	1	8.41437	5.22336	1	9.30819	7.11826	1	9.30373	5.4087	1	10.072	5.12302	1	10.9182	6.14995	1	11.5957	11.4917	1	11.645	5.34303	1	12.453	5.09675	1	13.2434	5.09427	1	13.9984	5.10028
2304	4	4	4.69798	13.5213	6.01143	1	4.71944	17.3131	1	5.55749	7.07143	1	6.23329	5.10047	1	6.8927	5.17555	1	6.89325	5.34103	1	7.56193	5.14887	1	8.32447	5.20533	1	9.24453	7.09883	1	9.25762	5.80634	1	9.95565	5.1208	1	10.8393	6.06557	1	11.5098	5.15208	1	11.5495	5.21534	1	12.2058	5.10613	1	12.8645	5.12616	1	13.5629	5.10889
2304	4	4	4.6755	13.7355	7.67244	1	4.73601	17.5629	1	5.55748	7.06382	1	6.28968	5.10285	1	6.87187	5.22685	1	6.89325	5.3673	1	7.59466	5.30289	1	8.37813	5.19286	1	9.30554	7.05291	1	9.32547	5.3767	1	10.0417	5.2748	1	10.9255	6.06244	1	11.6787	10.2181	1	11.6822	5.23983	1	12.4587	5.09958	1	13.1546	5.09301	1	13.7805	5.10643
2304	4	4	4.64509	13.2953	12.2598	1	4.65921	23.3251	1	5.53499	7.13588	1	6.25682	5.10826	1	6.79077	5.16672	1	6.75414	5.4135	1	7.40571	5.25665	1	8.11264	5.20808	1	9.0151	7.05849	1	9.01715	5.37212	1	9.84122	5.14988	1	10.7084	6.10865	1	11.384	5.25088	1	11.3807	5.45448	1	11.8696	5.07942	1	12.6113	5.10368	1	13.3291	5.09012
2304	4	4	4.75318	13.8359	5.81559	1	4.77554	17.4503	1	5.61779	7.01045	1	6.29341	5.08949	1	6.94167	5.30283	1	6.95635	5.25332	1	7.66669	5.11963	1	8.37266	5.18327	1	9.25426	7.07417	1	9.26367	5.33719	1	9.95618	5.12713	1	10.8217	6.07724	1	11.5419	5.15198	1	11.5461	5.24372	1	12.4452	5.1011	1	13.1562	5.09481	1	13.8745	5.11783
2304
