Size	K0	K1	K2	W	DistM	AckM 	StopM	ComputeT	TotalT
5	1	2	4	1	30	30	24	0.0072739124	0.038429976
5	1	2	4	1	30	30	22	0.007256031	0.037615061
5	1	2	4	1	30	30	25	0.0094840527	0.039157867
5	1	2	4	1	30	30	27	0.0079338551	0.040278912
5	1	2	4	1	36	36	26	0.057729006	0.058558941
10	1	2	4	1	60	60	55	0.014414072	0.040542126
10	1	2	4	1	66	66	53	0.051564932	0.053358078
10	1	2	4	1	72	72	52	0.048121214	0.049457073
10	1	2	4	1	90	90	50	 0.05893898	0.060883045
10	1	2	4	1	60	60	56	0.012132883	0.039531946
15	1	2	4	1	102	102	81	 0.04690814	0.049932957
15	1	2	4	1	114	114	81	0.049408197	 0.05035305
15	1	2	4	1	144	144	80	0.061355829	0.064735174
15	1	2	4	1	90	90	72	0.020703077	0.036983013
15	1	2	4	1	114	114	74	0.048959017	0.049514055
20	1	2	4	1	162	162	106	0.067410946	0.071081877
20	1	2	4	1	156	156	106	0.053632975	0.057268858
20	1	2	4	1	150	150	106	0.052249908	0.056193113
20	1	2	4	1	138	138	105	0.051587105	0.052042007
20	1	2	4	1	180	180	106	0.063895941	0.066019058
5	1	2	4	2	30	30	19	 0.02721405	0.037894011
5	1	2	4	2	30	30	29	0.033070087	 0.04360199
5	1	2	4	2	30	30	28	0.033186913	 0.04460597
5	1	2	4	2	30	30	12	0.030673981	0.037423134
5	1	2	4	2	30	30	27	0.029052019	0.041486979
10	1	2	4	2	60	60	56	0.037945986	0.044961929
10	1	2	4	2	60	60	56	0.037680864	0.045241833
10	1	2	4	2	66	66	47	0.053905964	0.057792902
10	1	2	4	2	60	60	52	0.035884142	0.038676023
10	1	2	4	2	60	60	48	0.035665035	0.040265083
15	1	2	4	2	120	120	71	0.097795963	0.098624945
15	1	2	4	2	132	132	78	0.084794998	0.085665941
15	1	2	4	2	114	114	77	0.082494974	0.086965084
15	1	2	4	2	90	90	71	0.072489023	0.072998047
15	1	2	4	2	126	126	76	0.080986023	0.082016945
20	1	2	4	2	150	150	97	 0.08033514	0.080940962
20	1	2	4	2	132	132	103	0.074807882	0.081195116
20	1	2	4	2	138	138	101	0.073801041	0.082540989
20	1	2	4	2	168	168	95	 0.10991096	 0.11086893
20	1	2	4	2	156	156	106	0.090964079	 0.11009002
5	1	2	4	3	30	30	27	0.029379129	0.039988995
5	1	2	4	3	30	30	18	0.032929897	 0.03831315
5	1	2	4	3	30	30	28	0.032982826	0.042154074
5	1	2	4	3	30	30	19	0.028232098	 0.03889513
5	1	2	4	3	30	30	22	0.030589104	0.039695024
10	1	2	4	3	66	66	41	0.077367067	0.078053951
10	1	2	4	3	60	60	40	0.053869009	0.054563046
10	1	2	4	3	60	60	50	0.050904989	0.055408001
10	1	2	4	3	60	60	47	0.051151037	0.053755045
10	1	2	4	3	60	60	51	 0.05052495	0.054810047
15	1	2	4	3	108	108	79	0.094794989	 0.10795808
15	1	2	4	3	108	108	70	  0.1014719	 0.10226893
15	1	2	4	3	96	96	70	 0.08280015	0.084721804
15	1	2	4	3	90	90	71	0.076739073	0.082303047
15	1	2	4	3	90	90	80	0.083052158	0.084052086
20	1	2	4	3	132	132	99	 0.10720396	 0.10791898
20	1	2	4	3	138	138	96	 0.10223579	 0.10322499
20	1	2	4	3	138	138	101	  0.1197629	 0.12046099
20	1	2	4	3	150	150	94	 0.12252879	 0.12334704
20	1	2	4	3	168	168	105	 0.14093208	 0.14718294
5	1	2	4	4	30	30	17	0.027095079	0.037278891
5	1	2	4	4	30	30	20	0.025582075	0.038629055
5	1	2	4	4	30	30	13	 0.02432704	0.037697077
5	1	2	4	4	30	30	16	0.024909019	 0.03814888
5	1	2	4	4	30	30	13	0.029775143	0.037937164
10	1	2	4	4	60	60	47	 0.03797102	 0.03842783
10	1	2	4	4	72	72	53	0.060292006	0.061092138
10	1	2	4	4	60	60	45	 0.03669095	  0.0379529
10	1	2	4	4	60	60	48	0.041003942	 0.04157114
10	1	2	4	4	60	60	44	0.034805059	0.036852837
15	1	2	4	4	114	114	76	0.076818943	0.078303099
15	1	2	4	4	96	96	75	0.065443039	0.066494942
15	1	2	4	4	90	90	79	0.059662819	0.060549021
15	1	2	4	4	114	114	74	0.073285103	0.074623108
15	1	2	4	4	102	102	74	0.076534033	0.077393055
20	1	2	4	4	138	138	98	0.090740919	0.096208811
20	1	2	4	4	126	126	101	0.061271191	0.068675041
20	1	2	4	4	120	120	104	0.070043802	0.070662022
20	1	2	4	4	132	132	94	0.079138041	0.079956055
20	1	2	4	4	144	144	104	0.085649014	 0.08641696
10	1	4	8	1	60	60	51	 0.01487112	0.040513039
10	1	4	8	1	60	60	50	0.014735937	0.041032791
10	1	4	8	1	60	60	52	0.014173031	0.038120031
10	1	4	8	1	66	66	50	0.056000948	0.056564808
10	1	4	8	1	60	60	50	0.013926983	   0.037781
15	1	4	8	1	102	102	73	0.047079086	0.048125029
15	1	4	8	1	126	126	81	0.052093983	0.055061102
15	1	4	8	1	102	102	81	 0.05049181	0.053750992
15	1	4	8	1	108	108	79	0.054821014	 0.05598402
15	1	4	8	1	102	102	81	0.050471067	0.053968906
20	1	4	8	1	126	126	101	0.054978848	0.057971954
20	1	4	8	1	126	126	99	0.049589872	0.052484035
20	1	4	8	1	132	132	105	0.054931879	0.058115959
20	1	4	8	1	120	120	106	0.022043943	0.040136099
20	1	4	8	1	186	186	106	0.058078051	0.062713861
10	1	4	8	2	66	66	50	0.066213846	0.067882061
10	1	4	8	2	60	60	51	0.036254168	0.037842989
10	1	4	8	2	60	60	55	0.035102844	0.043064117
10	1	4	8	2	66	66	51	0.054466963	0.057823896
10	1	4	8	2	60	60	46	0.029253006	0.039232969
15	1	4	8	2	102	102	57	0.096516132	0.097028017
15	1	4	8	2	102	102	75	0.081574917	0.082123995
15	1	4	8	2	108	108	73	0.097146988	0.097823858
15	1	4	8	2	108	108	80	 0.10051918	 0.10392499
15	1	4	8	2	90	90	78	0.064100981	 0.07544589
20	1	4	8	2	138	138	105	0.080811977	0.092181206
20	1	4	8	2	126	126	102	0.089869022	0.090432882
20	1	4	8	2	126	126	106	0.061099052	0.068120956
20	1	4	8	2	120	120	101	0.054723978	 0.05557704
20	1	4	8	2	126	126	104	0.078748941	0.080790997
10	1	4	8	3	60	60	42	 0.05811882	0.058991909
10	1	4	8	3	60	60	51	0.052908897	0.055824995
10	1	4	8	3	60	60	48	0.046993017	0.047630072
10	1	4	8	3	60	60	55	0.047045946	 0.05358386
10	1	4	8	3	60	60	45	0.053870201	0.056195974
15	1	4	8	3	90	90	76	0.065779924	0.068905115
15	1	4	8	3	90	90	77	0.084368944	0.085352898
15	1	4	8	3	90	90	73	0.086614132	0.087440968
15	1	4	8	3	96	96	73	 0.10825706	 0.10914302
15	1	4	8	3	96	96	65	0.091588974	0.092426062
20	1	4	8	3	138	138	104	 0.10792089	 0.11714196
20	1	4	8	3	174	174	97	 0.13697505	 0.14375091
20	1	4	8	3	132	132	103	 0.10504508	 0.10571718
20	1	4	8	3	138	138	97	 0.13233995	 0.13324022
20	1	4	8	3	126	126	103	0.087222815	0.088086843
10	1	4	8	4	60	60	48	0.042075157	0.044999838
10	1	4	8	4	60	60	53	0.041079998	0.048132181
10	1	4	8	4	66	66	48	 0.06119895	0.063260078
10	1	4	8	4	66	66	43	0.055599928	0.058065891
10	1	4	8	4	66	66	54	  0.0585289	0.060474157
15	1	4	8	4	90	90	73	 0.04369092	0.045963049
15	1	4	8	4	96	96	75	0.063336849	0.071612835
15	1	4	8	4	90	90	74	0.045625925	0.047286987
15	1	4	8	4	90	90	72	0.042253971	0.042770147
15	1	4	8	4	120	120	64	0.075236082	0.076973915
20	1	4	8	4	138	138	103	 0.06831193	0.074388981
20	1	4	8	4	150	150	105	0.069214106	0.073182821
20	1	4	8	4	120	120	103	 0.03790307	0.041464806
20	1	4	8	4	126	126	97	0.056908846	0.057717085
20	1	4	8	4	144	144	104	0.071494102	 0.07764101
