1440	2	3	1.62744	3.02976	3.80881	1	1.61424	3.2386	1	2.04721	3.76121	1	2.44877	3.19473	1	2.8746	3.20579	1	2.84208	4.16118	1	3.058	3.20231
1440	2	3	1.65128	3.09461	3.81531	1	1.63038	3.28157	1	2.0439	3.86843	1	2.38549	3.19031	1	2.83264	3.20796	1	2.98604	4.09193	1	3.12003	3.20308
1440	2	3	1.68311	3.13758	3.8177	1	1.67418	3.28848	1	2.08797	3.8758	1	2.48478	3.19485	1	2.90964	3.20601	1	2.88138	4.25733	1	3.16908	3.23972
1440	2	3	1.61971	3.16814	6.49369	1	1.59826	3.27766	1	2.01655	3.81521	1	2.49784	3.20156	1	2.93978	3.20025	1	2.9206	4.23182	1	3.19458	6.28816
1440	2	3	1.65488	3.10166	3.81409	1	1.63917	3.24171	1	2.09715	3.75489	1	2.55351	3.19133	1	2.95029	3.20778	1	2.91528	4.14464	1	3.13496	3.21012
1440
1440	2	3	1.6271	3.06798	3.69964	1	1.60646	5.90237	1	2.03853	3.89212	1	2.39047	3.1844	1	2.74701	3.20557	1	2.70878	3.22361	1	3.10476	3.25505
1440	2	3	1.6635	3.03866	3.65135	1	1.6714	5.84582	1	2.05576	3.88673	1	2.41279	3.18722	1	2.67536	3.19269	1	2.67397	3.34298	1	3.0663	3.24688
1440	2	3	1.66095	3.18325	3.56599	1	1.63622	5.89132	1	2.07827	3.92183	1	2.42494	3.19968	1	2.68167	3.20415	1	2.65382	3.22626	1	3.21396	3.26413
1440	2	3	1.60961	2.75407	3.72634	1	1.58625	5.64576	1	2.00226	3.8722	1	2.30411	3.18279	1	2.51207	3.19852	1	2.49203	3.22852	1	2.78344	3.29593
1440	2	3	1.66976	2.89415	3.68102	1	1.65942	5.72038	1	2.07467	3.80029	1	2.40562	3.18407	1	2.61527	3.21757	1	2.59111	3.23093	1	2.92628	3.22963
1440
