1440	3	4	3.53238	4.54301	2.19696	1	3.50938	1.61817	1	3.7005	1.97512	1	3.86233	2.00415	1	4.05976	2.04608	1	4.21125	4.16396	1	4.06684	1.58212	1	4.18589	3.65585	1	4.27457	1.61353	1	4.21785	1.78005	1	4.41693	1.58646	1	4.53885	1.57668	1	4.57584	1.58362
1440	3	4	3.57959	4.59194	2.23141	1	3.51786	1.60221	1	3.72625	1.99727	1	3.9345	2.01356	1	4.12342	2.00172	1	4.07643	4.35937	1	4.12796	1.6039	1	4.23865	1.5847	1	4.29485	1.61556	1	4.23976	1.75187	1	4.39323	1.58329	1	4.56404	1.58017	1	4.61581	1.58155
1440	3	4	3.55333	4.41459	2.21188	1	3.52962	1.59399	1	3.67242	2.01419	1	3.86366	2.00211	1	4.05592	2.05052	1	4.02132	4.30263	1	4.1073	3.04032	1	4.20963	1.58586	1	4.29513	1.61534	1	4.24701	1.60351	1	4.27789	1.58519	1	4.33665	1.57669	1	4.43645	1.58241
1440	3	4	3.5115	4.35528	2.2698	1	3.47719	1.60294	1	3.67173	1.9233	1	3.88643	1.99935	1	4.09276	1.94253	1	4.08639	4.2134	1	4.03478	1.58855	1	4.14132	1.57777	1	4.16084	1.59491	1	4.10657	1.61367	1	4.18336	1.58363	1	4.287	1.57647	1	4.38416	1.58331
1440	3	4	3.4823	4.54358	2.16179	1	3.45681	1.77021	1	3.64846	2.01994	1	3.788	2.00632	1	4.00844	2.01868	1	3.96138	4.38464	1	4.05048	1.61025	1	4.15403	1.59085	1	4.26426	1.59423	1	4.21646	1.66983	1	4.38047	1.58271	1	4.48899	1.58423	1	4.56634	1.58352
1440
1440	3	4	3.51516	4.63864	2.39827	1	3.52379	5.55677	1	3.67103	1.98847	1	3.7972	1.58044	1	3.89671	1.58509	1	3.86186	1.75019	1	3.92519	1.59029	1	4.04013	3.12277	1	4.24007	2.00168	1	4.19104	3.671	1	4.44283	1.57948	1	4.59998	1.57545	1	4.66601	1.60162
1440	3	4	3.53303	4.87799	1.96145	1	3.54842	5.86327	1	3.72123	2.05513	1	3.87772	1.57941	1	3.97244	1.58207	1	3.93181	1.83703	1	4.07426	1.63701	1	4.22793	1.58183	1	4.43574	2.02791	1	4.40076	1.59762	1	4.60379	1.57989	1	4.80373	1.58038	1	4.90127	1.58662
1440	3	4	3.61746	5.00312	1.7857	1	3.62773	5.80433	1	3.77362	2.0595	1	3.87568	1.57874	1	3.98012	1.58125	1	3.93939	1.60625	1	4.30191	1.60118	1	4.415	1.59404	1	4.61955	2.02427	1	4.5726	1.67118	1	4.73209	1.5788	1	4.96486	1.64845	1	5.03133	1.58281
1440	3	4	3.55715	4.51166	2.03342	1	3.54416	5.55284	1	3.72213	1.95914	1	3.8956	1.58001	1	3.96155	1.58717	1	3.92685	1.77933	1	3.94506	1.60521	1	4.10185	1.59641	1	4.32363	2.03236	1	4.27739	1.59651	1	4.2804	1.58406	1	4.46588	1.57529	1	4.53374	1.61416
1440	3	4	3.50136	4.62426	2.20063	1	3.51688	5.65622	1	3.65508	1.98291	1	3.78099	1.5875	1	3.88487	1.58638	1	3.83239	1.64457	1	3.90451	1.58401	1	4.0217	1.58283	1	4.23135	2.0595	1	4.18134	1.78383	1	4.34344	1.57886	1	4.53258	1.57676	1	4.64999	1.60721
1440
