1440	4	4	4.74494	5.16759	1.78265	1	4.71279	1.35431	1	4.81783	1.56205	1	4.90767	1.55571	1	5.02791	1.55273	1	4.98022	4.69135	1	5.01296	1.18549	1	5.0683	1.18714	1	5.09584	1.20797	1	5.04963	1.20478	1	5.0188	1.18663	1	5.06186	1.18604	1	5.10044	1.18562	1	5.04958	1.34455	1	5.10821	1.18503	1	5.1546	1.1839	1	5.19204	1.18741
1440	4	4	4.68777	5.20347	1.78018	1	4.65102	2.74982	1	4.76056	1.53957	1	4.88248	1.54467	1	4.99166	1.54152	1	4.96102	4.706	1	4.95985	1.19672	1	5.007	1.19955	1	5.02331	1.19216	1	4.97272	1.19767	1	4.99273	1.18672	1	5.02472	1.18547	1	5.0487	1.18714	1	4.99266	1.19987	1	5.07806	1.18539	1	5.162	1.18658	1	5.22792	1.18755
1440	4	4	4.7618	5.33955	1.74613	1	4.72871	1.19359	1	4.83106	1.55301	1	4.91754	1.58254	1	4.99565	1.57502	1	4.94766	4.77144	1	4.98627	1.18895	1	5.06489	1.20107	1	5.10746	1.19064	1	5.07547	1.27125	1	5.18303	1.18583	1	5.21087	1.18612	1	5.24973	1.18667	1	5.20389	1.1937	1	5.24014	1.18496	1	5.30518	1.18412	1	5.35753	1.1857
1440	4	4	4.6905	5.02617	1.76922	1	4.66296	1.32148	1	4.7685	1.57586	1	4.82378	1.54343	1	4.96788	1.5242	1	4.91372	4.61826	1	4.96456	1.18972	1	4.99592	1.1824	1	4.97012	1.18833	1	4.94671	1.22774	1	5.04891	1.1905	1	5.11501	1.18211	1	5.12465	1.18731	1	5.07727	1.19096	1	5.0748	1.18803	1	5.07955	1.18474	1	5.05719	1.18531
1440	4	4	4.82554	5.30189	1.69512	1	4.79976	1.20249	1	4.92264	1.54553	1	5.01674	1.5494	1	5.14187	1.55296	1	5.13425	4.65086	1	5.09954	1.19659	1	5.13294	1.18661	1	5.12169	1.19093	1	5.0857	1.21474	1	5.25344	1.18552	1	5.26823	1.18651	1	5.26269	1.18587	1	5.22006	1.1982	1	5.21343	1.18538	1	5.27612	1.18696	1	5.32107	1.1842
1440
1440	4	4	4.66274	5.33874	1.79392	1	4.69605	5.82198	1	4.75724	1.53445	1	4.8117	1.1841	1	4.80435	1.18615	1	4.74131	1.25376	1	4.76792	1.20585	1	4.86776	1.18364	1	4.99437	1.57588	1	4.95475	1.39385	1	5.10118	1.1844	1	5.17733	1.58087	1	5.21985	2.74893	1	5.16845	1.19645	1	5.23398	1.18343	1	5.29991	1.20592	1	5.36088	1.18506
1440	4	4	4.66823	5.1472	1.58983	1	4.63697	5.73956	1	4.75779	1.55189	1	4.79041	1.18652	1	4.8041	1.19414	1	4.74846	1.18875	1	4.77397	1.26352	1	4.84686	1.18495	1	4.95075	1.57809	1	4.90153	1.19195	1	4.92164	1.1915	1	5.01391	1.54844	1	5.04857	1.20443	1	5.00318	1.2279	1	5.09348	1.18908	1	5.1229	1.19778	1	5.1702	1.18451
1440	4	4	4.68682	5.22285	1.62737	1	4.66117	5.78988	1	4.76991	1.54632	1	4.82007	1.18391	1	4.82156	1.19762	1	4.76269	1.19351	1	4.77771	1.18899	1	4.86454	1.18551	1	4.9895	1.54312	1	4.94917	1.29722	1	5.0538	1.18636	1	5.17963	1.5445	1	5.2197	1.18961	1	5.16192	1.21062	1	5.15438	1.18588	1	5.20974	1.18636	1	5.24784	1.19108
1440	4	4	4.6742	5.40005	1.47396	1	4.65281	5.8092	1	4.74991	1.57421	1	4.80925	1.18521	1	4.83335	1.1893	1	4.79726	1.20726	1	5.14491	1.19284	1	5.16343	1.19336	1	5.26239	1.57515	1	5.21566	1.20133	1	5.28	1.19056	1	5.41714	1.54376	1	5.44026	1.20334	1	5.39562	1.19683	1	5.368	1.18436	1	5.38342	1.20261	1	5.42529	1.18721
1440	4	4	4.69467	5.42851	1.50414	1	4.67107	5.84463	1	4.77868	1.55011	1	4.84495	1.1905	1	4.77933	1.18975	1	4.72815	1.22015	1	4.86716	1.18673	1	4.9318	1.18602	1	5.04863	3.11508	1	5.01542	1.25808	1	5.16203	1.18613	1	5.28678	1.57158	1	5.31925	1.28481	1	5.2639	1.23484	1	5.33126	1.19018	1	5.39568	1.20393	1	5.4566	1.18562
1440
