1152	4	4	4.74179	3.37143	0.81807	1	4.69303	0.679295	1	4.65399	0.841696	1	4.55951	0.836248	1	4.49395	0.832748	1	4.593	2.6821	1	4.31785	0.606286	1	4.22108	0.605054	1	4.08795	0.606361	1	4.05208	0.628498	1	3.99647	0.606466	1	3.90987	0.606714	1	3.79539	0.607205	1	3.75426	0.613225	1	3.62461	0.608183	1	3.52299	0.605268	1	3.3957	0.606394
1152	4	4	4.70294	3.24798	0.888841	1	4.66263	0.607584	1	4.59894	0.606424	1	4.54174	0.605295	1	4.47956	0.839679	1	4.43174	2.73681	1	4.32755	0.606465	1	4.23332	0.607637	1	4.1248	0.60641	1	4.06253	1.40767	1	3.93058	0.606686	1	3.84863	0.606293	1	3.6866	0.606617	1	3.63891	0.672327	1	3.5207	0.608658	1	3.43182	0.605604	1	3.26095	0.607978
1152	4	4	4.74765	3.4798	0.798643	1	4.66555	0.610985	1	4.60598	0.607195	1	4.52816	0.605599	1	4.48104	0.846581	1	4.50068	2.79381	1	4.33021	0.606989	1	4.2401	0.605627	1	4.11642	0.607473	1	4.06184	0.734634	1	3.9832	0.606195	1	3.90104	0.605732	1	3.79	0.608938	1	3.73748	0.613546	1	3.68968	0.606929	1	3.58989	0.605256	1	3.50191	0.607197
1152	4	4	4.71968	3.41111	0.896353	1	4.67759	0.665866	1	4.6389	0.605921	1	4.59088	0.85032	1	4.53338	0.850644	1	4.61703	2.73985	1	4.32391	0.606212	1	4.23902	0.605637	1	4.12197	0.606319	1	4.06004	0.700102	1	3.99001	0.606397	1	3.92796	0.606015	1	3.8124	0.607481	1	3.76382	0.663473	1	3.62913	0.60861	1	3.54375	0.606591	1	3.43401	0.606708
1152	4	4	4.76993	3.39191	1.40556	1	4.72436	0.608411	1	4.6626	0.606487	1	4.64158	0.837757	1	4.5799	0.835588	1	4.52128	3.36446	1	4.38432	0.606746	1	4.27986	0.605973	1	4.14818	0.608638	1	4.09463	0.736176	1	4.02574	0.607585	1	3.91061	0.606927	1	3.75991	0.606608	1	3.69945	0.666261	1	3.59467	0.607765	1	3.50385	0.605308	1	3.40856	0.607504
1152
1152	4	4	4.68326	3.47683	0.690054	1	4.65205	3.56456	1	4.60314	0.810482	1	4.5036	0.608021	1	4.33728	0.606401	1	4.26761	0.625601	1	4.15439	0.606371	1	4.06411	0.605121	1	4.02283	0.840093	1	3.97386	0.616305	1	3.86681	0.608189	1	3.81883	0.60549	1	3.7254	0.606019	1	3.6736	0.775131	1	3.66048	0.607214	1	3.59813	0.605573	1	3.49588	0.607673
1152	4	4	4.65599	3.3771	0.677628	1	4.61737	3.42237	1	4.56949	0.838963	1	4.49906	0.605556	1	4.39426	0.607177	1	4.33397	0.614626	1	4.22325	0.606122	1	4.13982	0.605185	1	4.07245	0.606294	1	4.0187	0.765249	1	3.95521	0.606095	1	4.0173	0.793512	1	3.92269	0.609044	1	3.85932	0.608672	1	3.69932	0.606675	1	3.54382	0.605964	1	3.39869	0.607692
1152	4	4	4.73457	3.41959	0.719045	1	4.7107	3.52449	1	4.64888	0.864479	1	4.55321	0.605314	1	4.4172	0.606839	1	4.35129	0.621015	1	4.33308	0.60644	1	4.22621	0.605047	1	4.1873	0.798348	1	4.13559	0.610614	1	4.03036	0.60693	1	3.97209	0.852458	1	3.80698	0.606508	1	3.75097	0.611757	1	3.62501	0.606972	1	3.51088	0.605541	1	3.43625	0.608078
1152	4	4	4.69805	3.49909	0.677328	1	4.71122	3.55191	1	4.60356	0.834801	1	4.45108	0.606111	1	4.32388	0.608641	1	4.28143	0.657005	1	4.17256	0.606511	1	4.09594	0.605619	1	4.05341	0.646811	1	4.01028	0.607131	1	3.91245	0.60785	1	3.87668	0.605289	1	3.80533	0.606101	1	3.75638	0.694908	1	3.70909	0.607434	1	3.62103	0.606688	1	3.51878	0.607251
1152	4	4	4.68344	3.38415	0.713481	1	4.64321	3.51376	1	4.59038	0.658328	1	4.52553	0.605142	1	4.40846	0.606446	1	4.35378	0.777214	1	4.32499	0.606956	1	4.232	0.605534	1	4.16523	0.790979	1	4.122	0.613414	1	4.01229	0.607874	1	3.95421	0.833315	1	3.77801	0.606673	1	3.73376	0.609031	1	3.60793	0.606259	1	3.50458	0.606452	1	3.40144	0.607079
1152
