2304	3	4	3.51444	11.7021	8.2827	1	3.52906	7.20917	1	4.54896	9.03513	1	5.53558	9.1409	1	6.58148	9.0478	1	6.7089	14.1669	1	7.46248	6.82384	1	8.3688	7.00632	1	9.14083	6.83363	1	9.12338	7.0176	1	9.90788	6.79809	1	10.8733	6.79383	1	11.7565	6.78568
2304	3	4	3.54378	11.8877	8.25204	1	3.56784	6.94526	1	4.62132	9.11181	1	5.61417	9.05806	1	6.66692	9.07733	1	6.65634	14.4112	1	7.48433	6.88231	1	8.36027	6.88843	1	9.17028	6.86105	1	9.19578	7.02568	1	10.1404	6.79334	1	11.0835	6.79415	1	11.9323	6.8111
2304	3	4	3.54098	11.8536	8.29169	1	3.56401	7.07021	1	4.61766	9.03562	1	5.69111	9.08091	1	6.81218	8.98013	1	6.80678	14.1993	1	7.62515	6.90671	1	8.58451	6.86842	1	9.41864	6.88442	1	9.41571	6.94937	1	10.266	6.82122	1	11.1345	6.79339	1	11.8858	6.78688
2304	3	4	3.50191	11.5875	8.21445	1	3.5291	6.94827	1	4.6036	8.95068	1	5.66367	8.95975	1	6.71736	9.02067	1	7.02143	13.6711	1	7.44803	6.87549	1	8.30292	6.87328	1	9.15893	6.81833	1	9.16681	7.09579	1	10.0428	6.82005	1	10.816	6.8049	1	11.6298	6.79054
2304	3	4	3.52293	11.7192	8.23149	1	3.55764	7.21994	1	4.62839	9.04372	1	5.64188	8.97219	1	6.73961	8.99252	1	7.56997	13.2986	1	7.56435	6.92771	1	8.45943	6.90685	1	9.23504	6.82488	1	9.24181	7.00095	1	10.1439	6.79331	1	10.9219	6.78058	1	11.7604	6.80544
2304
2304	3	4	3.53421	11.8668	7.86023	1	3.67513	17.4273	1	4.61898	9.04104	1	5.48032	6.80615	1	6.23671	6.861	1	6.22971	7.36262	1	7.02036	6.81595	1	7.94368	6.8626	1	9.04827	7.92036	1	9.05519	7.04091	1	9.91101	6.81896	1	11.0293	6.77529	1	11.905	6.82845
2304	3	4	3.54951	12.0767	7.69196	1	3.65119	17.5313	1	4.68313	9.11157	1	5.59219	6.7928	1	6.40487	6.86403	1	6.43691	7.05348	1	7.23606	6.86797	1	8.07135	6.8999	1	9.1953	7.9218	1	9.21806	6.99623	1	10.1515	6.81333	1	11.2359	6.77258	1	12.1213	6.80562
2304	3	4	3.50955	11.9629	7.4484	1	3.5671	17.2106	1	4.59309	9.00213	1	5.4319	6.80525	1	6.22896	6.82331	1	6.23818	7.0281	1	7.25952	6.83942	1	8.25933	6.81584	1	9.3539	7.91782	1	9.40009	6.89864	1	10.2641	6.8058	1	11.2028	6.77712	1	12.0054	6.80971
2304	3	4	3.48743	12.5565	7.59075	1	3.59184	17.9046	1	4.56058	9.11838	1	5.43461	6.87018	1	6.33756	6.79688	1	6.36437	7.11678	1	7.35444	13.1069	1	8.33947	6.87798	1	9.42584	7.94177	1	9.47901	7.07018	1	10.5943	6.78994	1	11.7314	6.79011	1	12.598	6.78705
2304	3	4	3.53557	11.7596	7.86016	1	3.56588	17.3664	1	4.64466	9.03215	1	5.43482	7.05081	1	6.22966	6.821	1	6.23705	7.04017	1	7.0343	6.86957	1	7.87866	6.84717	1	8.95543	7.92699	1	8.98328	6.96167	1	9.83861	6.80251	1	10.922	6.77587	1	11.7918	6.79455
2304
