3600	2	3	2.78113	22.7699	117.839	1	3.01798	55.9806	1	7.66799	56.716	1	12.1578	125.844	1	16.8771	51.6214	1	18.0596	59.424	1	23.0814	53.354
3600	2	3	3.4823	23.2211	79.4441	1	3.79964	55.3569	1	9.1084	88.7276	1	13.3194	54.08	1	18.6148	55.0272	1	18.708	66.1178	1	23.3887	52.778
3600	2	3	3.39858	31.1993	92.504	1	3.80168	55.5868	1	17.6152	102.003	1	20.4616	54.1838	1	26.6449	54.8175	1	26.9908	64.5498	1	31.3968	53.4485
3600	2	3	3.26431	30.7925	112.134	1	3.75356	55.5935	1	15.6573	122.689	1	19.1966	59.6064	1	24.6045	59.6102	1	25.0558	69.0956	1	30.9276	53.8139
3600	2	3	2.51711	22.1243	56.204	1	2.73292	53.3876	1	9.09679	61.4805	1	13.5671	52.9878	1	18.4848	53.3422	1	18.5937	59.182	1	22.2658	52.0351
3600
3600	2	3	1.67829	18.4456	54.1044	1	1.96944	67.9271	1	6.49238	55.6048	1	10.3257	51.5597	1	14.0716	51.6272	1	14.6198	51.9584	1	18.5369	51.671
3600	2	3	1.66382	18.1762	54.5017	1	1.96719	68.1113	1	6.59002	55.6319	1	10.6079	51.558	1	14.2262	51.6101	1	14.5063	51.8576	1	18.2611	51.7092
3600	2	3	1.68677	18.2478	54.2963	1	1.9945	67.8719	1	6.49538	55.5836	1	10.3696	51.5515	1	14.1604	51.637	1	14.3997	51.9269	1	18.3612	51.7089
3600	2	3	1.68601	18.0174	54.651	1	1.97546	68.0125	1	6.63699	55.337	1	10.691	51.5354	1	14.4695	51.633	1	14.6977	51.8017	1	18.1348	51.7833
3600	2	3	1.67944	17.6341	54.723	1	1.93729	67.6741	1	6.43409	55.4339	1	10.3402	51.5743	1	13.997	51.6373	1	14.1556	52.0368	1	17.7445	51.7571
3600
