1152	3	4	3.52202	3.01027	2.12142	1	3.48243	0.825391	1	3.46639	1.09494	1	3.45171	1.09267	1	3.42832	1.08745	1	3.36403	3.63225	1	3.30491	0.810368	1	3.25694	0.810689	1	3.17489	0.811757	1	3.11449	0.843402	1	3.14099	0.80824	1	3.08402	0.809339	1	3.02994	0.809443
1152	3	4	3.54786	2.89557	1.21321	1	3.5076	0.812898	1	3.50769	1.07732	1	3.49168	1.0881	1	3.4898	1.08445	1	3.71402	2.31052	1	3.36146	0.813669	1	3.30522	0.810058	1	3.21668	0.809585	1	3.15216	0.815971	1	3.06426	0.8093	1	3.00257	0.80794	1	2.91832	0.808708
1152	3	4	3.58594	2.91648	1.19468	1	3.54747	0.813892	1	3.53097	1.0834	1	3.53253	1.08287	1	3.53419	1.02697	1	3.59986	2.41031	1	3.37599	0.81256	1	3.33223	0.817854	1	3.19402	0.809737	1	3.1496	0.887563	1	3.06538	0.808357	1	2.99723	0.807192	1	2.93587	0.809324
1152	3	4	3.6083	2.93139	1.24538	1	3.58073	0.816396	1	3.58036	2.10986	1	3.57623	1.10242	1	3.5843	1.0964	1	3.79501	2.34538	1	3.46284	0.810676	1	3.38843	0.808841	1	3.28396	0.813339	1	3.22662	0.813837	1	3.0875	0.810132	1	3.04188	0.808393	1	2.95322	0.808976
1152	3	4	3.53907	2.85811	1.16289	1	3.49992	0.831588	1	3.49009	1.05512	1	3.48022	1.04545	1	3.49911	1.04811	1	3.43526	2.49834	1	3.32982	1.86547	1	3.23066	0.809019	1	3.11955	0.808771	1	3.05971	0.812523	1	2.97915	0.808878	1	2.92436	0.807521	1	2.8779	0.809545
1152
1152	3	4	3.52224	3.00795	1.01579	1	3.49184	3.41047	1	3.48617	1.09539	1	3.43494	0.810624	1	3.32862	0.80994	1	3.2825	0.817909	1	3.27186	0.80989	1	3.20925	0.806987	1	3.22487	1.08251	1	3.16903	0.811755	1	3.1102	0.807962	1	3.09388	0.806701	1	3.03212	0.809174
1152	3	4	3.51522	3.05209	0.962423	1	3.48902	3.40589	1	3.4769	1.08732	1	3.45339	0.810809	1	3.34741	0.809541	1	3.2892	0.811617	1	3.21195	0.812418	1	3.13359	0.807484	1	3.12479	0.976044	1	3.07806	0.988513	1	3.05823	0.808416	1	3.13115	0.846228	1	3.07481	0.809243
1152	3	4	3.52224	3.11546	0.903687	1	3.49742	3.40877	1	3.47552	1.08297	1	3.42212	0.807309	1	3.35409	0.809789	1	3.3187	0.821504	1	3.38039	0.809531	1	3.33965	0.807897	1	3.34285	1.095	1	3.2924	0.810434	1	3.21315	0.808282	1	3.18446	0.843026	1	3.13572	0.812765
1152	3	4	3.48655	3.27685	0.884872	1	3.46674	3.42338	1	3.46143	1.08335	1	3.40706	0.807814	1	3.38772	0.838577	1	3.32782	0.818975	1	3.36979	0.80933	1	3.26502	0.807616	1	3.25773	0.808301	1	3.21635	0.82016	1	3.34808	0.807811	1	3.33621	0.883277	1	3.29602	0.808884
1152	3	4	3.55329	3.00643	0.979533	1	3.51788	3.40587	1	3.53834	1.08452	1	3.48137	0.808166	1	3.33314	0.808884	1	3.28395	0.817178	1	3.20769	0.809407	1	3.15584	0.80702	1	3.16215	1.09099	1	3.09906	1.60012	1	3.08576	0.808816	1	3.08347	0.806967	1	3.02765	0.809154
1152
