2304	2	3	1.64957	7.93977	15.0121	1	1.72818	14.1312	1	3.34078	15.1559	1	4.93567	13.5232	1	6.61604	13.5368	1	6.68232	16.1374	1	7.99894	13.5578
2304	2	3	1.60939	8.23447	15.0718	1	1.68711	13.889	1	3.3874	15.2617	1	5.04397	13.5309	1	6.78787	13.5537	1	6.85512	16.3548	1	8.27253	13.5972
2304	2	3	1.63622	7.74998	15.0911	1	1.69785	14.1293	1	3.31758	15.1018	1	4.90093	13.5359	1	6.54388	13.5632	1	6.74695	15.9832	1	7.82821	13.6046
2304	2	3	1.6451	8.05927	14.9813	1	1.71748	13.867	1	3.48768	15.1741	1	5.08262	13.5296	1	6.79771	13.5507	1	6.80566	16.1389	1	8.10971	13.598
2304	2	3	1.64584	8.02255	14.9977	1	1.72462	14.4224	1	3.40203	15.1641	1	5.00692	13.518	1	6.7539	13.5684	1	6.76971	16.1402	1	8.07545	13.5852
2304
2304	2	3	1.64108	7.46334	14.7127	1	1.6864	20.1854	1	3.41745	15.2112	1	4.84029	13.5242	1	6.07775	13.5453	1	6.13246	13.65	1	7.51142	13.6052
2304	2	3	1.66701	7.44723	14.743	1	1.78754	20.1937	1	3.46225	15.1614	1	4.82732	13.5211	1	6.03498	13.548	1	6.09508	13.6597	1	7.50372	13.5941
2304	2	3	1.60385	7.35888	14.65	1	1.67611	19.9964	1	3.18839	14.9939	1	4.56807	13.5373	1	5.95627	13.548	1	6.02268	13.6468	1	7.39739	13.6093
2304	2	3	1.62012	7.59213	14.7357	1	1.70557	20.3349	1	3.43247	15.2425	1	4.83223	13.5268	1	6.1172	13.5384	1	6.21541	13.8973	1	7.63987	13.5652
2304	2	3	1.65563	7.34883	14.7278	1	1.73709	20.0828	1	3.36458	15.1964	1	4.73602	13.5438	1	5.97428	13.5512	1	6.017	13.7322	1	7.40234	13.6036
2304
