1440	2	1	0.46667	1.45453	10.4872	1	0.50156	9.86479	1	1.52672	9.89653
1440	2	1	0.461266	1.52571	10.4126	1	0.683949	9.88912	1	1.55973	9.86679
1440	2	1	0.45188	1.49654	10.4309	1	0.497128	9.96643	1	1.53147	9.86087
1440	2	1	0.469866	1.54481	10.4009	1	0.495482	9.88491	1	1.57563	9.85858
1440	2	1	0.471573	1.5434	10.4179	1	0.492524	9.93005	1	1.5919	9.85878
1440
1440	2	1	0.44886	1.54159	10.4304	1	0.504439	11.1018	1	1.57243	9.87802
1440	2	1	0.461079	1.51654	10.4096	1	0.477735	11.0962	1	1.55529	9.8643
1440	2	1	0.448083	1.53416	10.4403	1	0.508657	11.0556	1	1.56917	9.87472
1440	2	1	0.479382	1.49506	10.4361	1	0.599284	10.975	1	1.52539	9.85604
1440	2	1	0.455017	1.53169	10.4116	1	0.568292	11.067	1	1.56313	9.87008
1440
