3600	2	2	1.22201	20.4934	100.265	1	1.51863	78.7137	1	8.4764	108.603	1	13.9743	84.7898	1	20.737	84.2356
3600	2	2	2.02787	20.7592	96.8446	1	2.26533	79.5635	1	7.98167	104.694	1	13.824	81.3811	1	20.8798	80.27
3600	2	2	1.79515	20.1721	100.9	1	2.18815	79.8878	1	8.76366	108.519	1	14.3318	85.6248	1	20.2837	86.9543
3600	2	2	1.5004	31.3895	181.042	1	1.96343	79.2449	1	17.8729	189.401	1	24.6725	98.6026	1	31.5436	98.7188
3600	2	2	1.31971	20.8872	94.1145	1	1.62794	80.2316	1	7.72395	102.641	1	14.3783	77.3278	1	20.981	77.4379
3600
3600	2	2	1.19006	16.3686	81.0572	1	1.57322	92.3593	1	7.19761	77.4694	1	11.9253	77.3918	1	16.6581	77.5499
3600	2	2	1.17833	16.5326	81.0008	1	1.53139	92.4154	1	7.1738	77.4311	1	11.9479	77.3008	1	16.644	77.4338
3600	2	2	1.19892	16.4248	80.8729	1	1.63595	92.1931	1	7.11578	77.4162	1	12.0407	77.3149	1	16.5159	77.4452
3600	2	2	1.20545	16.3637	80.8423	1	1.53839	92.0852	1	7.06188	77.4494	1	11.8487	77.3339	1	16.4686	77.464
3600	2	2	1.1882	16.5583	80.9235	1	1.51308	92.3705	1	7.10069	77.4627	1	11.899	77.3222	1	16.6535	77.452
3600
