2304	2	1	0.458024	3.9951	42.2931	1	0.781392	40.784	1	4.25739	40.7339
2304	2	1	0.464099	3.75254	42.0335	1	0.583763	40.6948	1	3.81909	40.648
2304	2	1	0.462087	3.49629	42.0138	1	0.582014	40.6455	1	3.55622	40.6285
2304	2	1	0.496403	3.93479	42.0371	1	0.668721	40.7387	1	4.0045	40.6147
2304	2	1	0.456738	3.80341	41.9892	1	0.619027	40.7899	1	3.8776	40.6173
2304
2304	2	1	0.45493	3.90106	41.9506	1	0.683309	43.8915	1	3.96242	40.6045
2304	2	1	0.447141	3.79039	41.9626	1	0.624393	43.7152	1	3.85384	40.6149
2304	2	1	0.452096	3.80079	79.1565	1	0.607707	81.3163	1	3.86321	40.6212
2304	2	1	0.46329	3.83533	41.9769	1	0.656263	43.7941	1	3.89708	40.6213
2304	2	1	0.463348	3.77056	81.9128	1	0.586538	84.0538	1	3.83112	40.6278
2304
