3600	4	4	4.76124	32.8807	22.4624	1	4.8469	20.1667	1	7.32301	26.6646	1	9.75553	26.6689	1	12.4288	26.616	1	12.5618	42.6656	1	14.6007	19.7279	1	16.8887	19.8726	1	19.1619	19.6321	1	19.3277	20.2819	1	21.5061	19.5894	1	23.6867	19.6212	1	25.7547	19.5772	1	25.9295	19.9916	1	28.3037	19.4429	1	30.6426	19.4334	1	32.9704	19.4499
3600	4	4	4.74948	32.8169	22.6043	1	4.83701	20.4361	1	7.36498	26.5957	1	9.83193	26.7684	1	12.5335	26.5573	1	13.5073	41.8189	1	14.6487	19.6922	1	16.8756	19.7903	1	18.9873	19.6561	1	19.0934	20.4404	1	21.4149	19.6416	1	23.6607	19.5634	1	25.6812	19.6209	1	25.7802	20.0275	1	27.9631	19.4529	1	30.4933	19.4557	1	32.9006	19.4645
3600	4	4	4.72926	35.7555	33.1591	1	4.83862	21.5178	1	7.71222	28.9489	1	10.1172	24.3787	1	12.812	23.9414	1	12.9414	45.5401	1	15.4117	20.2999	1	17.9889	19.5468	1	19.912	19.6771	1	19.9851	22.6808	1	22.8088	20.7041	1	25.7868	19.4912	1	27.9701	19.4811	1	28.1217	40.6931	1	31.2603	20.0191	1	33.6158	19.4248	1	35.8286	19.4619
3600	4	4	4.83167	36.5427	36.0736	1	4.97929	20.5118	1	9.02665	30.1362	1	11.4658	28.1539	1	14.1519	28.6885	1	14.2229	44.8026	1	16.9189	19.9155	1	19.3334	19.8369	1	21.4945	20.3342	1	21.7622	21.516	1	24.1683	19.8756	1	26.8911	19.8051	1	29.109	19.9983	1	29.21	43.3372	1	31.5659	19.7373	1	34.0932	19.5773	1	36.6899	20.0019
3600	4	4	5.04619	36.031	22.6927	1	5.19492	20.7659	1	7.66562	33.3469	1	10.8339	28.1682	1	13.6736	27.5258	1	13.7306	44.504	1	15.8787	20.7249	1	18.2178	20.3401	1	21.0713	19.8746	1	21.2682	21.0969	1	23.5775	20.2918	1	25.9599	19.8766	1	28.1361	19.7748	1	28.2762	20.3821	1	30.6885	20.5473	1	33.5824	19.7629	1	36.1553	19.6196
3600
3600	4	4	4.71283	33.4323	20.2211	1	4.80476	48.5899	1	7.35008	26.4248	1	9.56334	19.7369	1	11.6037	19.5679	1	11.7237	20.2518	1	14.0279	19.9803	1	16.2174	19.796	1	18.8702	23.8818	1	19.0769	21.7897	1	20.9475	19.6876	1	23.5679	21.6821	1	25.6166	19.4957	1	25.8168	20.0424	1	29.1706	19.4288	1	31.4524	19.4048	1	33.5035	19.4657
3600	4	4	4.67638	34.6776	20.1953	1	4.86182	49.8862	1	7.38102	26.8096	1	9.56231	19.6929	1	11.5726	19.4971	1	11.7233	20.8544	1	13.7809	19.9281	1	15.9949	19.7702	1	18.657	24.4613	1	18.7901	20.935	1	21.1346	19.6674	1	23.8328	21.9364	1	26.1816	19.5493	1	26.4393	20.4014	1	29.6852	19.4011	1	32.336	19.3842	1	34.7512	19.4316
3600	4	4	4.73756	34.0055	20.8711	1	4.91999	49.8468	1	7.54336	26.6839	1	9.78579	19.6359	1	11.9506	19.5468	1	12.0038	20.3272	1	14.1191	19.8917	1	16.262	19.81	1	19.052	24.3488	1	19.1894	20.839	1	21.4102	19.676	1	24.0314	21.7003	1	26.2073	19.5734	1	26.4235	21.0319	1	29.3324	19.4117	1	31.6636	19.3913	1	34.0795	19.4006
3600	4	4	4.69003	33.875	20.5331	1	4.82869	49.308	1	7.5017	26.493	1	9.66383	19.6268	1	11.8019	19.6172	1	11.9794	21.897	1	14.156	19.81	1	16.3331	19.8085	1	18.9983	24.236	1	19.1795	20.4632	1	21.2617	19.6363	1	23.7937	21.921	1	26.0956	19.5135	1	26.3228	20.584	1	29.1666	19.4415	1	31.8752	19.4036	1	33.9364	19.4421
3600	4	4	4.68973	33.519	20.5082	1	4.8657	48.9568	1	7.45419	26.6454	1	9.58866	19.4649	1	11.6289	19.5042	1	11.7427	20.4299	1	13.9888	19.7406	1	16.3118	19.551	1	19.0403	24.0055	1	19.2285	21.3608	1	21.2337	19.7581	1	23.6779	21.6813	1	25.8147	19.5663	1	26.0676	19.7939	1	29.1041	19.4131	1	31.4845	19.389	1	33.5798	19.4204
3600
