1152	2	3	1.65641	2.07401	2.0191	1	1.62019	1.62979	1	1.76325	2.02622	1	1.91312	1.61683	1	2.05674	1.6172	1	2.0279	2.30667	1	2.09737	1.61936
1152	2	3	1.64319	2.06505	2.05085	1	1.61725	1.62641	1	1.74763	2.02841	1	1.90115	1.61435	1	2.0531	1.61673	1	2.01925	2.3024	1	2.09059	1.61788
1152	2	3	1.65591	1.95485	2.02415	1	1.62144	1.62071	1	1.72925	2.00777	1	1.86347	1.61638	1	2.01318	1.62309	1	1.99229	2.23014	1	1.98544	1.64268
1152	2	3	1.66825	1.96964	2.0231	1	1.63356	1.77556	1	1.79628	1.9644	1	1.93028	1.61879	1	2.04893	1.62411	1	2.0085	2.21959	1	1.98938	1.61847
1152	2	3	1.64234	2.02337	2.05493	1	1.61116	1.62735	1	1.76239	2.01734	1	1.89028	1.62532	1	2.05614	1.61732	1	2.27968	2.04107	1	2.04925	1.61694
1152
1152	2	3	1.64154	1.68693	1.94398	1	1.63361	3.03868	1	1.75591	1.94469	1	1.85159	1.61613	1	1.80993	1.6205	1	1.77169	1.61736	1	1.7169	1.61994
1152	2	3	1.60438	1.86743	1.94589	1	1.57035	3.26413	1	1.72333	2.00646	1	1.80493	1.61541	1	1.8781	1.61786	1	1.83066	1.61996	1	1.88578	1.61876
1152	2	3	1.6535	1.91988	1.92763	1	1.62879	3.29992	1	1.75693	2.0362	1	1.83675	1.61419	1	1.88499	1.61943	1	1.83672	1.62177	1	1.94118	1.62013
1152	2	3	1.65566	1.87988	1.9179	1	1.63134	3.23428	1	1.75197	2.02378	1	1.81032	1.62015	1	1.84948	1.62363	1	1.8058	1.64182	1	1.90106	1.61931
1152	2	3	1.67423	1.89748	1.90373	1	1.65053	3.23756	1	1.78967	1.99679	1	1.82813	1.62028	1	1.84046	1.62699	1	1.8095	1.68361	1	1.92054	1.62065
1152
