2 1 16 16 94 0.03907759
3 1 40 40 285 0.04895185
4 1 67 67 483 0.04674887
5 1 130 130 764 0.06164452
6 1 183 183 1090 0.07354649
7 1 276 276 1489 0.08213371
8 1 370 370 1928 0.093354
9 1 532 532 2432 0.1306389
10 1 702 702 3006 0.168678
11 1 847 847 3664 0.1874465
12 1 1037 1037 4339 0.2194537
13 1 1460 1460 5098 0.297085
14 1 1652 1652 5902 0.3316043
15 1 2041 2041 6759 0.3944109
16 1 2313 2313 7695 0.4522235
17 1 2943 2943 8688 0.5824528
18 1 3060 3060 9742 0.6284428
19 1 3680 3680 10852 0.7260022
20 1 4497 4497 12012 0.9109885
2 2 16 16 106 0.04003248
3 2 41 41 297 0.06300848
4 2 65 65 476 0.0684579
5 2 120 120 736 0.1505427
6 2 169 169 1073 0.1353371
7 2 238 238 1406 0.4385091
8 2 365 365 1910 0.2235625
9 2 412 412 2377 0.6356289
10 2 606 606 2964 1.0558127
11 2 664 664 3599 1.2823468
12 2 752 752 4242 0.9796525
13 2 1026 1026 4951 1.626121
14 2 1276 1276 5671 1.386414
15 2 1325 1325 6649 1.740711
16 2 1677 1677 7335 1.53695
17 2 1639 1639 8311 1.993395
18 2 2262 2262 9336 1.769121
19 2 2169 2169 10611 2.859997
20 2 3428 3428 11611 2.595963
2 3 16 16 88 0.04524096
3 3 38 38 279 0.05019617
4 3 67 67 501 0.07573818
5 3 112 112 749 0.1231884
6 3 165 165 1065 0.10696784
7 3 245 245 1479 0.2011667
8 3 278 278 1863 0.2289501
9 3 448 448 2426 0.6048146
10 3 468 468 2930 0.9059977
11 3 607 607 3558 1.0909191
12 3 910 910 4270 0.7809197
13 3 949 949 4961 1.379941
14 3 943 943 5638 1.4277
15 3 1573 1573 6567 1.344733
16 3 1445 1445 6754 1.71875888889
17 3 1577 1577 8282 1.755509
18 3 2457 2457 9507 1.554553
19 3 2100 2100 10639 1.91702
20 3 2162 2162 11660 2.129212
2 4 16 16 95 0.0426151
3 4 36 36 296 0.04428588
4 4 66 66 488 0.05383888
5 4 133 133 758 0.10596331
6 4 145 145 1097 0.1166589
7 4 225 225 1472 0.1709899
8 4 288 288 1893 0.1316845
9 4 386 386 2412 0.2396216
10 4 438 438 2937 0.5485817
11 4 556 556 3568 0.5245831
12 4 928 928 4284 0.5671869
13 4 832 832 4931 1.170011
14 4 889 889 5682 1.2749831
15 4 1096 1096 6610 1.3180327
16 4 1638 1638 7468 1.263454
17 4 1504 1504 8224 1.45979
18 4 1510 1510 9455 1.575868
19 4 1739 1739 10446 1.62777
20 4 2708 2708 11849 1.53621
